Team,Opponent,score,rolling_for,rolling_for_joined,rolling_against,rolling_against_joined,rolling_margin,rolling_margin_joined,rolling_percentage,rolling_percentage_joined,rolling_wins_1,rolling_wins_1_joined,rolling_wins_2,rolling_wins_2_joined,rolling_wins_3,rolling_wins_3_joined,rolling_F_median_1,rolling_F_median_1_joined,rolling_A_median_1,rolling_A_median_1_joined,rolling_M_median_1,rolling_M_median_1_joined,early,mid
Carlton,St Kilda,0.3627408,334.0,365.0,407,298,-73.0,67.0,0.8206388206388207,1.2248322147651007,8.0,8.0,6.0,8.0,0.0,4.0,74.0,74.5,80.5,66.5,-0.5,13.5,0,1
Collingwood,Essendon,0.48262915,414.0,425.0,397,390,17.0,35.0,1.0428211586901763,1.0897435897435896,8.0,8.0,12.0,8.0,8.0,4.0,81.5,82.0,76.5,80.0,6.0,4.5,0,1
Fremantle,Western Bulldogs,0.61471903,353.0,278.0,409,415,-56.0,-137.0,0.863080684596577,0.6698795180722892,8.0,8.0,4.0,4.0,8.0,4.0,72.0,66.5,71.0,88.0,5.0,-4.5,0,1
Geelong,Sydney,0.4681978,449.0,435.0,423,377,26.0,58.0,1.0614657210401892,1.1538461538461535,8.0,4.0,4.0,12.0,12.0,12.0,108.0,111.0,69.5,70.0,36.5,35.5,0,1
Gold Coast,North Melbourne,0.59279233,305.0,322.0,486,494,-181.0,-172.0,0.6275720164609053,0.6518218623481782,4.0,0.0,4.0,8.0,4.0,0.0,76.5,74.5,106.0,110.5,-13.5,-33.5,0,1
Greater Western Sydney,Brisbane Lions,0.41536674,340.0,434.0,428,436,-88.0,-2.0,0.794392523364486,0.9954128440366972,4.0,8.0,4.0,4.0,4.0,8.0,72.0,95.0,88.5,82.5,-11.5,13.0,0,1
Hawthorn,Adelaide,0.31298584,266.0,437.0,508,435,-242.0,2.0,0.5236220472440944,1.0045977011494254,4.0,12.0,0.0,0.0,4.0,12.0,66.0,96.0,82.0,86.0,-17.5,22.5,0,1
Melbourne,Richmond,0.6023766,458.0,329.0,410,409,48.0,-80.0,1.1170731707317074,0.80440097799511,8.0,0.0,8.0,10.0,8.0,12.0,94.5,94.0,79.0,73.0,25.5,3.5,0,1
Port Adelaide,West Coast,0.6549073,349.0,339.0,445,539,-96.0,-200.0,0.7842696629213484,0.6289424860853432,8.0,0.0,8.0,4.0,4.0,0.0,84.0,74.5,80.0,104.5,-2.0,-26.0,0,1
